a= 0.0104927919702 b= 1.99933984948
a= 0.0104306356482 b= 0.998682304282
a= 0.0103273143727 b= 1.99802995942
a= 0.0101832359055 b= -0.00261461058785
